
 **** INPUT FILE VPSC.IN FOR THIS RUN ****
1                          number of elements (nelem)                           
2                          number of phases (nph)                               
0.825 0.175                   relative vol. fract. of phases (wph(i)) T1705     
*INFORMATION ABOUT PHASE #1                                                     
2   0   25                    grain shape contrl, fragmentn, crit aspect ratio  
1.0 1.0 1.0                 initial ellipsoid ratios (dummy if ishape=4)        
0.0 0.0 0.0                 init Eul ang ellips axes (dummy if ishape=3,4)      
* name and path of texture file (filetext)                                      
alphaTex.tex                                                                    
* name and path of single crystal file (filecrys)                               
IMSP6242_isotropic.SX                                                           
* name and path of grain shape file (dummy if ishape=0) (fileaxes)              
shape1.100                                                                      
*INFORMATION ABOUT PHASE #2                                                     
2    0    25                  grain shape contrl, fragmentn, crit aspect ratio  
1.0  1.0  1.0                 initial ellipsoid ratios (dummy if ishape=4)      
0.0  0.0  0.0                 init Eul ang ellips axes (dummy if ishape=3,4)    
* name and path of texture file (filetext)                                      
betaTEX.tex                                                                     
* name and path of single crystal file (filecrys)                               
IMSP6242b.SX                                                                    
* name and path of grain shape file (dummy if ishape=0) (fileaxes)              
shape1.100                                                                      
*PRECISION SETTINGS FOR CONVERGENCE PROCEDURES (default values)                 
0.001 0.001 0.001 0.001    errs,errd,errm,errso                                 
100 100 25               itmax:   max # of iter, external, internal and SO loops
0  2 10 2   irsvar & xrsini,xrsfin,xrstep (dummy if irsvar=0)                   
1              ibcinv (0: don't use <Bc>**-1, 1: use <Bc>**-1 in SC eq)         
*INPUT/OUTPUT SETTINGS FOR THE RUN (default is zero)                            
0              irecover:read grain states from POSTMORT.IN (1) or not (0)?      
0              isave:   write grain states in POSTMORT.OUT at step 'isave'?     
0              icubcomp:calculate fcc rolling components?                       
2              nwrite (frequency of texture downloads)                          
*MODELING CONDITIONS FOR THE RUN                                                
3              interaction (0:FC,1:affine,2:secant,3:neff=10,4:tangent,5:SO)    
1  1  1        iupdate: update orient, grain shape, hardening                   
0              nneigh (0 for no neighbors, 1 for pairs, etc.)                   
0              iflu (0: don't calc, 1: calc fluctuations)                       
*NUMBER OF PROCESSES (COMBINATION OF UNIFORM OR VARIABLE LOAD,PCYS,LANKFORD)    
3                                                                               
*IVGVAR AND PATH\NAME OF FILE OR STRESS SUBSPACE OR ANGULAR INCREMENT           
4		  ivgvar=4 runs a rigid rotation of the specimen                             
rotmatrix.txt                                                                   
0         ivgvar=0 will run a monotonic strain path                             
compres.3                                                                       
4		  ivgvar=4 runs a rigid rotation of the specimen                             
rotmatrixINV.txt                                                                

IPH=  0  FIJPH     1.0000   0.0000   0.0000   0.0000   1.0000   0.0000   0.0000   0.0000   1.0000
         EIGNVAL   1.0000   1.0000   1.0000
         EIGNVEC   1.0000  -0.0000   0.0000   0.0000  -0.0000   1.0000   0.0000  -1.0000   0.0000

 **** CRYSTAL DATA FILE ****
*Material: Ti-6242 alpha phase                                                  
HEXAGONAL                                crysym                                 
1.0  1.0  1.594     90.0  90.0  120.0    cdim(i),cang(i)                        
*Elastic stiffness of single crystal [MPa]                                      
  141.0e3    76.9e3    57.9e3     0.0     0.0     0.0                           
   76.9e3   141.0e3    57.9e3     0.0     0.0     0.0                           
   57.9e3    57.9e3   163.0e3     0.0     0.0     0.0                           
    0.0     0.0     0.0    48.7e3     0.0e3     0.0e3                           
    0.0     0.0     0.0     0.0e3    48.7e3     0.0e3                           
    0.0     0.0     0.0     0.0e3     0.0e3    32.05e3                          
*Thermal expansion coefficients of single crystal[K^(-1)]                       
  5.7e-6   5.7e-6  10.3e-6   0.0e0   0.0e0   0.0e0                              
SLIP AND TWINNING MODES                                                         
3                               nmodesx                                         
3                               nmodes                                          
1 2 3                           mode(i)                                         
PRISMATIC                                                                       
 1    3   1   0                       modex,nsmx,iopsysx,itwtypex               
 1  0 -1  0    -1  2 -1  0                                                      
 0 -1  1  0     2 -1 -1  0                                                      
 -1  1  0  0    -1 -1  2  0                                                     
BASAL                                                                           
  2    3   1   0                       modex,nsmx,iopsysx,itwtypex              
 0  0  0  1     2 -1 -1  0                                                      
 0  0  0  1    -1  2 -1  0                                                      
 0  0  0  1    -1 -1  2  0                                                      
 PYRAMIDAL<c+a>                                                                 
  3   12   1   0                    modex,nsmx,nrsx,isensex                     
   1  0 -1  1    2 -1 -1 -3                                                     
   1  0 -1  1    1  1 -2 -3                                                     
   0  1 -1  1    1  1 -2 -3                                                     
   0  1 -1  1   -1  2 -1 -3                                                     
  -1  1  0  1   -1  2 -1 -3                                                     
  -1  1  0  1   -2  1  1 -3                                                     
  -1  0  1  1   -2  1  1 -3                                                     
  -1  0  1  1   -1 -1  2 -3                                                     
   0 -1  1  1   -1 -1  2 -3                                                     
   0 -1  1  1    1 -2  1 -3                                                     
   1 -1  0  1   -1 -2  1 -3                                                     
   1 -1  0  1    2 -1 -1 -3                                                     
*CONSTITUTIVE LAW**********************                                         
0     IHARDLAW                                                                  
1     IRATESENS                                                                 
50    GRSZE (ONLY MATTERS IF HPFAC IS NONZERO)                                  
PRISMATIC SLIP*****************                                                 
5     NRSX                                                                      
174.2222             0             0             0             0   tau0,tau1,the
0.0   0.0   0.0        	       hlatx(1,im,iph),im=1,nmodes                      
BASAL SLIP *****************************                                        
5     NRSX                                                                      
610.2965             0             0             0             0   tau0,tau1,the
0.0   0.0   0.0            	       hlatx(1,im,iph),im=1,nmodes                  
PYRAMIDAL <C+A> SLIP                                                            
5     NRSX                                                                      
1133.6862              0              0              0              0   tau0,tau
0.0   0.0   0.0          	       hlatx(1,im,iph),im=1,nmodes                    
                                                                                
**** END OF CRYSTAL DATA FILE ****


  N & B FOR MODE  1 IN PHASE  1
     0.866     0.500     0.000       -0.500     0.866     0.000
     0.000    -1.000     0.000        1.000     0.000     0.000
    -0.866     0.500     0.000       -0.500    -0.866     0.000
  N & B FOR MODE  2 IN PHASE  1
     0.000     0.000     1.000        1.000     0.000     0.000
     0.000     0.000     1.000       -0.500     0.866     0.000
     0.000     0.000     1.000       -0.500    -0.866     0.000
  N & B FOR MODE  3 IN PHASE  1
     0.761     0.439     0.477        0.531     0.000    -0.847
     0.761     0.439     0.477        0.266     0.460    -0.847
     0.000     0.879     0.477        0.266     0.460    -0.847
     0.000     0.879     0.477       -0.266     0.460    -0.847
    -0.761     0.439     0.477       -0.266     0.460    -0.847
    -0.761     0.439     0.477       -0.531     0.000    -0.847
    -0.761    -0.439     0.477       -0.531     0.000    -0.847
    -0.761    -0.439     0.477       -0.266    -0.460    -0.847
     0.000    -0.879     0.477       -0.266    -0.460    -0.847
     0.000    -0.879     0.477        0.266    -0.460    -0.847
     0.761    -0.439     0.477       -0.091    -0.475    -0.875
     0.761    -0.439     0.477        0.531     0.000    -0.847

 **** CRYST TEXTURE (FIRST FEW LINES) ****
                                                                                
                                                                                
                                                                                
B    500                                                                        
135.00  90.00  325.00 0.002                                                     
135.00  90.00  325.00 0.002                                                     
135.00  90.00  325.00 0.002                                                     
135.00  90.00  325.00 0.002                                                     
135.00  90.00  325.00 0.002                                                     
135.00  90.00  325.00 0.002                                                     
    .........................
 **** END OF CRYST TEXTURE DATA FILE ****

IPH=  1  FIJPH     1.0000   0.0000   0.0000   0.0000   1.0000   0.0000   0.0000   0.0000   1.0000
         EIGNVAL   1.0000   1.0000   1.0000
         EIGNVEC   1.0000  -0.0000   0.0000   0.0000  -0.0000   1.0000   0.0000  -1.0000   0.0000

 **** CRYSTAL DATA FILE ****
*Material: Ti-6242 beta phase                                                   
CUBIC             crysym                                                        
   1.0   1.0   1.0    90.0   90.0   90.0  unit cell axes and angles             
Elastic stiffness for bcc ti at 300K [MPa] (from Rokhlin)                       
 135.0e3   113.0e3   113.0e3   0.0   0.0   0.0                                  
 113.0e3   113.0e3   113.0e3   0.0   0.0   0.0                                  
 113.0e3   135.0e3   135.0e3   0.0   0.0   0.0                                  
 0.0   0.0   0.0   54.9e3    000.0   0.0                                        
 0.0   0.0   0.0   0.0   54.9e3    0.0                                          
 0.0   0.0   0.0   0.0   0.0   54.9e3                                           
*Thermal expansion coefficients (single crystal in crystal axis):               
  0.0e-6   0.0e-6   0.0e-6   0.0e0   0.0e0   0.0e0                              
INFORMATION ABOUT SLIP AND TWIN SYSTEMS                                         
 3              nmodesx (total # of modes listed in the file)                   
 3              nmodes  (# of modes to be used in the calculation)              
 1   2   3      mode(i) (label of the modes to be used)                         
   {110}<111> SLIP                                                              
 1   12   1    0                    modex,nsmx,nrsx,isensex                     
    0    1    1     1    1   -1       slip (n-b)                                
    1    0    1     1    1   -1                                                 
    1   -1    0     1    1   -1                                                 
    0    1   -1     1   -1   -1                                                 
    1    0    1     1   -1   -1                                                 
    1    1    0     1   -1   -1                                                 
    0    1    1     1   -1    1                                                 
    1    0   -1     1   -1    1                                                 
    1    1    0     1   -1    1                                                 
    0    1   -1     1    1    1                                                 
    1    0   -1     1    1    1                                                 
    1   -1    0     1    1    1                                                 
   {112}<111> SLIP                                                              
 2   12   1    0                    modex,nsmx,nrsx,isensex                     
   -2    1   -1    -1   -1    1       slip (n-b)                                
    1   -2   -1    -1   -1    1                                                 
    1    1    2    -1   -1    1                                                 
   -2   -1   -1    -1    1    1                                                 
    1    2   -1    -1    1    1                                                 
    1   -1    2    -1    1    1                                                 
    2    1   -1     1   -1    1                                                 
   -1   -2   -1     1   -1    1                                                 
   -1    1    2     1   -1    1                                                 
    2   -1   -1     1    1    1                                                 
   -1    2   -1     1    1    1                                                 
   -1   -1    2     1    1    1                                                 
   {123}<111> SLIP                                                              
 3   24   1    0                    modex,nsmx,nrsx,isensex                     
   1    2    3     1    1   -1       slip (n-b)                                 
  -1    3    2     1    1   -1                                                  
   2    1    3     1    1   -1                                                  
  -2    3    1     1    1   -1                                                  
   3   -1    2     1    1   -1                                                  
   3   -2    1     1    1   -1                                                  
  -1    2   -3     1   -1   -1                                                  
   1    3   -2     1   -1   -1                                                  
   2   -1    3     1   -1   -1                                                  
   2    3   -1     1   -1   -1                                                  
   3    1    2     1   -1   -1                                                  
   3    2    1     1   -1   -1                                                  
   1   -2   -3     1   -1    1                                                  
   1    3    2     1   -1    1                                                  
   2   -1   -3     1   -1    1                                                  
   2    3    1     1   -1    1                                                  
   3    1   -2     1   -1    1                                                  
   3    2   -1     1   -1    1                                                  
   1    2   -3     1    1    1                                                  
   1   -3    2     1    1    1                                                  
   2    1   -3     1    1    1                                                  
   2   -3    1     1    1    1                                                  
  -3    1    2     1    1    1                                                  
  -3    2    1     1    1    1                                                  
*CONSTITUTIVE LAW**********************                                         
0     IHARDLAW                                                                  
1     IRATESENS                                                                 
50    GRSZE (ONLY MATTERS IF HPFAC IS NONZERO)                                  
{110}<111> SLIP*****************                                                
5     NRSX                                                                      
25            0            0            0            0   tau0,tau1,theta0,theta1
0.0   0.0   0.0        	       hlatx(1,im,iph),im=1,nmodes                      
{112}<111> SLIP*****************                                                
5    NRSX                                                                       
25            0            0            0            0   tau0,tau1,theta0,theta1
0.0   0.0   0.0        	       hlatx(1,im,iph),im=1,nmodes                      
{123}<111> SLIP*****************                                                
5    NRSX                                                                       
25            0            0            0            0   tau0,tau1,theta0,theta1
0.0   0.0   0.0        	       hlatx(1,im,iph),im=1,nmodes                      
**** END OF CRYSTAL DATA FILE ****


  N & B FOR MODE  1 IN PHASE  2
     0.000     0.707     0.707        0.577     0.577    -0.577
     0.707     0.000     0.707        0.577     0.577    -0.577
     0.707    -0.707     0.000        0.577     0.577    -0.577
     0.000     0.707    -0.707        0.577    -0.577    -0.577
     0.707     0.000     0.707        0.577    -0.577    -0.577
     0.707     0.707     0.000        0.577    -0.577    -0.577
     0.000     0.707     0.707        0.577    -0.577     0.577
     0.707     0.000    -0.707        0.577    -0.577     0.577
     0.707     0.707     0.000        0.577    -0.577     0.577
     0.000     0.707    -0.707        0.577     0.577     0.577
     0.707     0.000    -0.707        0.577     0.577     0.577
     0.707    -0.707     0.000        0.577     0.577     0.577
  N & B FOR MODE  2 IN PHASE  2
    -0.816     0.408    -0.408       -0.577    -0.577     0.577
     0.408    -0.816    -0.408       -0.577    -0.577     0.577
     0.408     0.408     0.816       -0.577    -0.577     0.577
    -0.816    -0.408    -0.408       -0.577     0.577     0.577
     0.408     0.816    -0.408       -0.577     0.577     0.577
     0.408    -0.408     0.816       -0.577     0.577     0.577
     0.816     0.408    -0.408        0.577    -0.577     0.577
    -0.408    -0.816    -0.408        0.577    -0.577     0.577
    -0.408     0.408     0.816        0.577    -0.577     0.577
     0.816    -0.408    -0.408        0.577     0.577     0.577
    -0.408     0.816    -0.408        0.577     0.577     0.577
    -0.408    -0.408     0.816        0.577     0.577     0.577
  N & B FOR MODE  3 IN PHASE  2
     0.267     0.535     0.802        0.577     0.577    -0.577
    -0.267     0.802     0.535        0.577     0.577    -0.577
     0.535     0.267     0.802        0.577     0.577    -0.577
    -0.535     0.802     0.267        0.577     0.577    -0.577
     0.802    -0.267     0.535        0.577     0.577    -0.577
     0.802    -0.535     0.267        0.577     0.577    -0.577
    -0.267     0.535    -0.802        0.577    -0.577    -0.577
     0.267     0.802    -0.535        0.577    -0.577    -0.577
     0.535    -0.267     0.802        0.577    -0.577    -0.577
     0.535     0.802    -0.267        0.577    -0.577    -0.577
     0.802     0.267     0.535        0.577    -0.577    -0.577
     0.802     0.535     0.267        0.577    -0.577    -0.577
     0.267    -0.535    -0.802        0.577    -0.577     0.577
     0.267     0.802     0.535        0.577    -0.577     0.577
     0.535    -0.267    -0.802        0.577    -0.577     0.577
     0.535     0.802     0.267        0.577    -0.577     0.577
     0.802     0.267    -0.535        0.577    -0.577     0.577
     0.802     0.535    -0.267        0.577    -0.577     0.577
     0.267     0.535    -0.802        0.577     0.577     0.577
     0.267    -0.802     0.535        0.577     0.577     0.577
     0.535     0.267    -0.802        0.577     0.577     0.577
     0.535    -0.802     0.267        0.577     0.577     0.577
    -0.802     0.267     0.535        0.577     0.577     0.577
    -0.802     0.535     0.267        0.577     0.577     0.577

 **** CRYST TEXTURE (FIRST FEW LINES) ****
                                                                                
                                                                                
                                                                                
B    500                                                                        
0.00 0.00 0.00 0.002                                                            
0.00 0.00 0.00 0.002                                                            
0.00 0.00 0.00 0.002                                                            
0.00 0.00 0.00 0.002                                                            
0.00 0.00 0.00 0.002                                                            
0.00 0.00 0.00 0.002                                                            
    .........................
 **** END OF CRYST TEXTURE DATA FILE ****

IPH=  2  FIJPH     1.0000   0.0000   0.0000   0.0000   1.0000   0.0000   0.0000   0.0000   1.0000
         EIGNVAL   1.0000   1.0000   1.0000
         EIGNVEC   1.0000  -0.0000   0.0000   0.0000  -0.0000   1.0000   0.0000  -1.0000   0.0000

 UB ELASTIC STIFFNESS (VOIGT NOTATION)
  0.1504E+06  0.6618E+05  0.7538E+05 -0.9019E-13 -0.8405E-12  0.4538E+04
  0.6618E+05  0.1465E+06  0.7538E+05  0.6601E-12 -0.9019E-13  0.4538E+04
  0.7538E+05  0.7923E+05  0.1399E+06 -0.4709E-11 -0.2075E-12 -0.7838E+04
 -0.2927E-11  0.3314E-11 -0.7030E-11  0.4292E+05  0.6868E+04  0.1502E-11
 -0.4189E-11 -0.2927E-11 -0.1028E-11  0.6868E+04  0.4292E+05 -0.1864E-12
  0.4538E+04  0.4538E+04 -0.7838E+04  0.1035E-11 -0.9019E-13  0.4842E+05


  ELASTIC ESHELBY TENSOR (VOIGT NOTATION)
     0.51072     0.04267     0.06736    -0.00000    -0.00000     0.00569
     0.04808     0.49745     0.09696    -0.00000     0.00000     0.00646
     0.08390     0.10659     0.50032     0.00000     0.00000    -0.02818
     0.00000     0.00000     0.00000     0.24303     0.02009     0.00000
    -0.00000     0.00000     0.00000     0.02015     0.24338    -0.00000
    -0.00415    -0.00345    -0.03849     0.00000    -0.00000     0.25935

SC ELASTIC STIFFNESS (VOIGT NOTATION)
  0.1456E+06  0.6905E+05  0.7520E+05 -0.1550E-11 -0.2627E-11  0.4311E+04
  0.6905E+05  0.1365E+06  0.8044E+05  0.9304E-12 -0.1752E-11  0.3925E+04
  0.7520E+05  0.8044E+05  0.1366E+06 -0.5572E-11 -0.9621E-12 -0.7135E+04
 -0.1550E-11  0.9304E-12 -0.5572E-11  0.4249E+05  0.7238E+04  0.1210E-11
 -0.2627E-11 -0.1752E-11 -0.9621E-12  0.7238E+04  0.4249E+05 -0.1142E-12
  0.4311E+04  0.3925E+04 -0.7135E+04  0.1210E-11 -0.1142E-12  0.4812E+05

SC ELASTIC COMPLIANCE (VOIGT NOTATION)
  0.1035E-04 -0.2756E-05 -0.4146E-05 -0.7266E-22  0.2270E-21 -0.6588E-06
 -0.2756E-05  0.1212E-04 -0.5705E-05 -0.5676E-21  0.1948E-21 -0.7939E-06
 -0.4146E-05 -0.5705E-05  0.1311E-04  0.8471E-21 -0.2380E-21  0.1390E-05
 -0.7266E-22 -0.5676E-21  0.8471E-21  0.6059E-05 -0.1032E-05 -0.6564E-22
  0.2270E-21  0.1948E-21 -0.2380E-21 -0.1032E-05  0.6060E-05  0.4584E-23
 -0.6588E-06 -0.7939E-06  0.1390E-05 -0.6564E-22  0.4584E-23  0.5360E-05
  EULER ANGLES OF PHASE before rotation   1
   180.000    90.000   180.000
  ELLIPSOID AXES OF PHASE before rotatn   1
     1.000     1.000     1.000
IPH=  1  FIJPH     0.0002   0.0000  -1.0000   0.0000   1.0000   0.0000   1.0000   0.0000   0.0002
         EIGNVAL   1.0000   1.0000   1.0000
         EIGNVEC   1.0000  -0.0000   0.0000   0.0000  -0.0000   1.0000   0.0000  -1.0000   0.0000
  EULER ANGLES OF PHASE after rotation   1
   180.000    90.000   180.000
  ELLIPSOID AXES OF PHASE after rotatn   1
     1.000     1.000     1.000
  EULER ANGLES OF PHASE before rotation   2
   180.000    90.000   180.000
  ELLIPSOID AXES OF PHASE before rotatn   2
     1.000     1.000     1.000
IPH=  2  FIJPH     0.0002   0.0000  -1.0000   0.0000   1.0000   0.0000   1.0000   0.0000   0.0002
         EIGNVAL   1.0000   1.0000   1.0000
         EIGNVEC   1.0000  -0.0000   0.0000   0.0000  -0.0000   1.0000   0.0000  -1.0000   0.0000
  EULER ANGLES OF PHASE after rotation   2
   180.000    90.000   180.000
  ELLIPSOID AXES OF PHASE after rotatn   2
     1.000     1.000     1.000

*** LOAD CONDITIONS FOR THIS RUN
40   3   0.025    982.0         nsteps  ictrl  eqincr  temp                     
* boundary conditions                                                           
    1       1       1           iudot    |    flag for vel.grad.                
    1       1       1                    |    (0:unknown-1:known)               
    1       1       1                    |                                      
                                         |                                      
   0.005    0.00     0.00        udot     |    vel.grad                         
   0.00    0.005     0.00                 |                                     
   0.00    0.00    -0.010                 |                                     
                                         |                                      
    0       0       0           iscau    |    flag for Cauchy                   
            0       0                    |                                      
                    0                    |                                      
                                         |                                      
    0.0     0.0     0.0         scauchy  |    Cauchy stress                     
            0.0     0.0                  |                                      
                    0.0                  @                                      

*******   STEP   1      *** NEFF=10 CALCULATION                

 xmctg after gr rate for grain  301
  0.3781E-04  0.8318E-05 -0.2016E-04  0.4808E-06 -0.8916E-06
  0.8318E-05  0.3128E-04 -0.8655E-05  0.5689E-06 -0.1681E-06
 -0.2016E-04 -0.8655E-05  0.1768E-04 -0.5481E-06  0.4554E-06
  0.4808E-06  0.5689E-06 -0.5481E-06  0.1229E-04 -0.3930E-05
 -0.8916E-06 -0.1681E-06  0.4554E-06 -0.3930E-05  0.1347E-04

 xmctg after gr rate for grain  302
  0.3781E-04  0.8318E-05 -0.2016E-04  0.4808E-06 -0.8916E-06
  0.8318E-05  0.3128E-04 -0.8655E-05  0.5689E-06 -0.1681E-06
 -0.2016E-04 -0.8655E-05  0.1768E-04 -0.5481E-06  0.4554E-06
  0.4808E-06  0.5689E-06 -0.5481E-06  0.1229E-04 -0.3930E-05
 -0.8916E-06 -0.1681E-06  0.4554E-06 -0.3930E-05  0.1347E-04

 xmctg after gr rate for grain  303
  0.3781E-04  0.8318E-05 -0.2016E-04  0.4808E-06 -0.8916E-06
  0.8318E-05  0.3128E-04 -0.8655E-05  0.5689E-06 -0.1681E-06
 -0.2016E-04 -0.8655E-05  0.1768E-04 -0.5481E-06  0.4554E-06
  0.4808E-06  0.5689E-06 -0.5481E-06  0.1229E-04 -0.3930E-05
 -0.8916E-06 -0.1681E-06  0.4554E-06 -0.3930E-05  0.1347E-04

 xmctg after gr rate for grain  304
  0.3781E-04  0.8318E-05 -0.2016E-04  0.4808E-06 -0.8916E-06
  0.8318E-05  0.3128E-04 -0.8655E-05  0.5689E-06 -0.1681E-06
 -0.2016E-04 -0.8655E-05  0.1768E-04 -0.5481E-06  0.4554E-06
  0.4808E-06  0.5689E-06 -0.5481E-06  0.1229E-04 -0.3930E-05
 -0.8916E-06 -0.1681E-06  0.4554E-06 -0.3930E-05  0.1347E-04

 xmctg after gr rate for grain  305
  0.3781E-04  0.8318E-05 -0.2016E-04  0.4808E-06 -0.8916E-06
  0.8318E-05  0.3128E-04 -0.8655E-05  0.5689E-06 -0.1681E-06
 -0.2016E-04 -0.8655E-05  0.1768E-04 -0.5481E-06  0.4554E-06
  0.4808E-06  0.5689E-06 -0.5481E-06  0.1229E-04 -0.3930E-05
 -0.8916E-06 -0.1681E-06  0.4554E-06 -0.3930E-05  0.1347E-04
IPH=  0  FIJPH     1.0125   0.0000   0.0000   0.0000   1.0125   0.0000   0.0000   0.0000   0.9750
         EIGNVAL   1.0125   1.0125   0.9750
         EIGNVEC   1.0000   0.0000   0.0000   0.0000   1.0000   0.0000   0.0000   0.0000   1.0000
IPH=  1  FIJPH     0.0000   0.0001  -1.0018   0.0004   0.9994  -0.0001   0.9988   0.0013   0.0002
         EIGNVAL   1.0001   1.0018   0.9981
         EIGNVEC  -0.0026  -0.9994   0.0337   0.8244  -0.0212  -0.5656   0.5660   0.0263   0.8240
IPH=  2  FIJPH     0.0007  -0.0003  -1.0629  -0.0021   1.0740   0.0003   0.8630  -0.0064  -0.0003
         EIGNVAL   1.0629   1.0741   0.8630
         EIGNVEC   0.9995  -0.0318  -0.0023   0.0318   0.9993   0.0213   0.0016  -0.0213   0.9998

*******   STEP   2      *** NEFF=10 CALCULATION                
IPH=  0  FIJPH     1.0252   0.0000   0.0000   0.0000   1.0252   0.0000   0.0000   0.0000   0.9506
         EIGNVAL   1.0252   1.0252   0.9506
         EIGNVEC   1.0000   0.0000   0.0000   0.0000   1.0000   0.0000   0.0000   0.0000   1.0000
IPH=  1  FIJPH    -0.0000   0.0001  -1.0033   0.0008   0.9990  -0.0001   0.9977   0.0025   0.0003
         EIGNVAL   1.0001   1.0033   0.9966
         EIGNVEC  -0.0026  -0.9994   0.0341   0.8249  -0.0215  -0.5649   0.5653   0.0266   0.8244
IPH=  2  FIJPH     0.0011  -0.0007  -1.1313  -0.0039   1.1531   0.0007   0.7440  -0.0112  -0.0007
         EIGNVAL   1.1313   1.1533   0.7438
         EIGNVEC   0.9995  -0.0322  -0.0021   0.0322   0.9993   0.0203   0.0015  -0.0204   0.9998

*******   STEP   3      *** NEFF=10 CALCULATION                
IPH=  0  FIJPH     1.0380   0.0000   0.0000   0.0000   1.0380   0.0000   0.0000   0.0000   0.9269
         EIGNVAL   1.0380   1.0380   0.9269
         EIGNVEC   1.0000   0.0000   0.0000   0.0000   1.0000   0.0000   0.0000   0.0000   1.0000
IPH=  1  FIJPH    -0.0001   0.0002  -1.0047   0.0011   0.9986  -0.0002   0.9967   0.0036   0.0004
         EIGNVAL   1.0002   1.0047   0.9951
         EIGNVEC  -0.0027  -0.9994   0.0343   0.8289  -0.0214  -0.5590   0.5594   0.0269   0.8284
IPH=  2  FIJPH     0.0015  -0.0011  -1.2047  -0.0056   1.2377   0.0010   0.6412  -0.0151  -0.0010
         EIGNVAL   1.2047   1.2379   0.6410
         EIGNVEC   0.9995  -0.0323  -0.0020   0.0324   0.9993   0.0199   0.0014  -0.0199   0.9998

*******   STEP   4      *** NEFF=10 CALCULATION                
IPH=  0  FIJPH     1.0509   0.0000   0.0000   0.0000   1.0509   0.0000   0.0000   0.0000   0.9037
         EIGNVAL   1.0509   1.0509   0.9037
         EIGNVEC   1.0000   0.0000   0.0000   0.0000   1.0000   0.0000   0.0000   0.0000   1.0000
IPH=  1  FIJPH    -0.0002   0.0002  -1.0062   0.0015   0.9983  -0.0002   0.9956   0.0046   0.0005
         EIGNVAL   1.0003   1.0062   0.9936
         EIGNVEC  -0.0026  -0.9994   0.0341   0.8378  -0.0208  -0.5455   0.5459   0.0271   0.8374
IPH=  2  FIJPH     0.0018  -0.0015  -1.2826  -0.0075   1.3278   0.0014   0.5531  -0.0185  -0.0013
         EIGNVAL   1.2826   1.3281   0.5529
         EIGNVEC   0.9995  -0.0321  -0.0020   0.0321   0.9993   0.0197   0.0013  -0.0197   0.9998

*******   STEP   5      *** NEFF=10 CALCULATION                
IPH=  0  FIJPH     1.0641   0.0000   0.0000   0.0000   1.0641   0.0000   0.0000   0.0000   0.8811
         EIGNVAL   1.0641   1.0641   0.8811
         EIGNVEC   1.0000   0.0000   0.0000   0.0000   1.0000   0.0000   0.0000   0.0000   1.0000
IPH=  1  FIJPH    -0.0003   0.0003  -1.0078   0.0019   0.9981  -0.0003   0.9942   0.0057   0.0005
         EIGNVAL   1.0005   1.0078   0.9918
         EIGNVEC  -0.0025  -0.9994   0.0337   0.8538  -0.0197  -0.5203   0.5207   0.0275   0.8533
IPH=  2  FIJPH     0.0023  -0.0019  -1.3648  -0.0097   1.4236   0.0018   0.4778  -0.0216  -0.0016
         EIGNVAL   1.3647   1.4239   0.4776
         EIGNVEC   0.9995  -0.0315  -0.0020   0.0316   0.9993   0.0197   0.0014  -0.0198   0.9998

*******   STEP   6      *** NEFF=10 CALCULATION                
IPH=  0  FIJPH     1.0774   0.0000   0.0000   0.0000   1.0774   0.0000   0.0000   0.0000   0.8591
         EIGNVAL   1.0774   1.0774   0.8591
         EIGNVEC   1.0000   0.0000   0.0000   0.0000   1.0000   0.0000   0.0000   0.0000   1.0000
IPH=  1  FIJPH    -0.0005   0.0003  -1.0096   0.0025   0.9983  -0.0003   0.9922   0.0070   0.0007
         EIGNVAL   1.0009   1.0096   0.9896
         EIGNVEC  -0.0022  -0.9995   0.0331   0.8774  -0.0178  -0.4794   0.4797   0.0280   0.8770
IPH=  2  FIJPH     0.0028  -0.0023  -1.4506  -0.0125   1.5242   0.0021   0.4141  -0.0247  -0.0019
         EIGNVAL   1.4505   1.5246   0.4138
         EIGNVEC   0.9995  -0.0307  -0.0020   0.0307   0.9993   0.0199   0.0014  -0.0199   0.9998

*******   STEP   7      *** NEFF=10 CALCULATION                
IPH=  0  FIJPH     1.0909   0.0000   0.0000   0.0000   1.0909   0.0000   0.0000   0.0000   0.8376
         EIGNVAL   1.0909   1.0909   0.8376
         EIGNVEC   1.0000   0.0000   0.0000   0.0000   1.0000   0.0000   0.0000   0.0000   1.0000
IPH=  1  FIJPH    -0.0007   0.0004  -1.0118   0.0032   0.9990  -0.0004   0.9893   0.0084   0.0008
         EIGNVAL   1.0017   1.0118   0.9866
         EIGNVEC  -0.0013  -0.9995   0.0324   0.9050  -0.0150  -0.4252   0.4255   0.0288   0.9045
IPH=  2  FIJPH     0.0034  -0.0027  -1.5392  -0.0160   1.6281   0.0025   0.3606  -0.0277  -0.0023
         EIGNVAL   1.5391   1.6286   0.3603
         EIGNVEC   0.9996  -0.0296  -0.0021   0.0296   0.9994   0.0201   0.0015  -0.0202   0.9998

*******   STEP   8      *** NEFF=10 CALCULATION                
IPH=  0  FIJPH     1.1045   0.0000   0.0000   0.0000   1.1045   0.0000   0.0000   0.0000   0.8167
         EIGNVAL   1.1045   1.1045   0.8167
         EIGNVEC   1.0000   0.0000   0.0000   0.0000   1.0000   0.0000   0.0000   0.0000   1.0000
IPH=  1  FIJPH    -0.0009   0.0004  -1.0145   0.0042   1.0005  -0.0004   0.9852   0.0101   0.0010
         EIGNVAL   1.0033   1.0146   0.9824
         EIGNVEC   0.0005  -0.9995   0.0319   0.9296  -0.0113  -0.3683   0.3685   0.0298   0.9291
IPH=  2  FIJPH     0.0042  -0.0031  -1.6295  -0.0202   1.7333   0.0027   0.3163  -0.0305  -0.0026
         EIGNVAL   1.6295   1.7339   0.3158
         EIGNVEC   0.9996  -0.0284  -0.0021   0.0285   0.9994   0.0204   0.0016  -0.0204   0.9998

*******   STEP   9      *** NEFF=10 CALCULATION                
IPH=  0  FIJPH     1.1183   0.0000   0.0000   0.0000   1.1183   0.0000   0.0000   0.0000   0.7962
         EIGNVAL   1.1183   1.1183   0.7962
         EIGNVEC   1.0000   0.0000   0.0000   0.0000   1.0000   0.0000   0.0000   0.0000   1.0000
IPH=  1  FIJPH    -0.0012   0.0004  -1.0179   0.0054   1.0028  -0.0004   0.9796   0.0121   0.0013
         EIGNVAL   1.0058   1.0179   0.9767
         EIGNVEC   0.0035  -0.9995   0.0315   0.9476  -0.0068  -0.3194   0.3195   0.0309   0.9471
IPH=  2  FIJPH     0.0052  -0.0034  -1.7205  -0.0253   1.8381   0.0029   0.2797  -0.0332  -0.0029
         EIGNVAL   1.7205   1.8387   0.2791
         EIGNVEC   0.9996  -0.0277  -0.0022   0.0277   0.9994   0.0206   0.0016  -0.0207   0.9998

*******   STEP  10      *** NEFF=10 CALCULATION                
IPH=  0  FIJPH     1.1323   0.0000   0.0000   0.0000   1.1323   0.0000   0.0000   0.0000   0.7763
         EIGNVAL   1.1323   1.1323   0.7763
         EIGNVEC   1.0000   0.0000   0.0000   0.0000   1.0000   0.0000   0.0000   0.0000   1.0000
IPH=  1  FIJPH    -0.0016   0.0004  -1.0219   0.0071   1.0062  -0.0004   0.9725   0.0145   0.0016
         EIGNVAL   1.0094   1.0220   0.9693
         EIGNVEC   0.0078  -0.9995   0.0312   0.9594  -0.0013  -0.2821   0.2820   0.0321   0.9589
IPH=  2  FIJPH     0.0064  -0.0038  -1.8112  -0.0312   1.9409   0.0031   0.2495  -0.0356  -0.0032
         EIGNVAL   1.8111   1.9416   0.2488
         EIGNVEC   0.9996  -0.0273  -0.0023   0.0273   0.9994   0.0207   0.0017  -0.0208   0.9998

*******   STEP  11      *** NEFF=10 CALCULATION                
IPH=  0  FIJPH     1.1464   0.0000   0.0000   0.0000   1.1464   0.0000   0.0000   0.0000   0.7569
         EIGNVAL   1.1464   1.1464   0.7569
         EIGNVEC   1.0000   0.0000   0.0000   0.0000   1.0000   0.0000   0.0000   0.0000   1.0000
IPH=  1  FIJPH    -0.0021   0.0003  -1.0267   0.0092   1.0106  -0.0004   0.9637   0.0172   0.0020
         EIGNVAL   1.0141   1.0268   0.9602
         EIGNVEC   0.0136  -0.9994   0.0310   0.9668   0.0052  -0.2554   0.2551   0.0334   0.9663
IPH=  2  FIJPH     0.0076  -0.0041  -1.9007  -0.0380   2.0406   0.0033   0.2245  -0.0378  -0.0035
         EIGNVAL   1.9006   2.0415   0.2237
         EIGNVEC   0.9996  -0.0273  -0.0023   0.0274   0.9994   0.0208   0.0017  -0.0209   0.9998

*******   STEP  12      *** NEFF=10 CALCULATION                
IPH=  0  FIJPH     1.1608   0.0000   0.0000   0.0000   1.1608   0.0000   0.0000   0.0000   0.7380
         EIGNVAL   1.1608   1.1608   0.7380
         EIGNVEC   1.0000   0.0000   0.0000   0.0000   1.0000   0.0000   0.0000   0.0000   1.0000
IPH=  1  FIJPH    -0.0026   0.0003  -1.0322   0.0118   1.0160  -0.0004   0.9535   0.0203   0.0025
         EIGNVAL   1.0199   1.0323   0.9496
         EIGNVEC   0.0213  -0.9993   0.0309   0.9714   0.0134  -0.2370   0.2364   0.0350   0.9710
IPH=  2  FIJPH     0.0090  -0.0045  -1.9887  -0.0454   2.1364   0.0035   0.2038  -0.0397  -0.0037
         EIGNVAL   1.9886   2.1375   0.2028
         EIGNVEC   0.9996  -0.0280  -0.0023   0.0281   0.9994   0.0208   0.0017  -0.0208   0.9998

*******   STEP  13      *** NEFF=10 CALCULATION                
IPH=  0  FIJPH     1.1753   0.0000   0.0000   0.0000   1.1753   0.0000   0.0000   0.0000   0.7195
         EIGNVAL   1.1753   1.1753   0.7195
         EIGNVEC   1.0000   0.0000   0.0000   0.0000   1.0000   0.0000   0.0000   0.0000   1.0000
IPH=  1  FIJPH    -0.0033   0.0003  -1.0383   0.0150   1.0224  -0.0004   0.9420   0.0237   0.0030
         EIGNVAL   1.0268   1.0384   0.9375
         EIGNVEC   0.0314  -0.9990   0.0308   0.9742   0.0237  -0.2243   0.2233   0.0370   0.9740
IPH=  2  FIJPH     0.0105  -0.0050  -2.0750  -0.0533   2.2279   0.0037   0.1864  -0.0413  -0.0040
         EIGNVAL   2.0749   2.2291   0.1853
         EIGNVEC   0.9996  -0.0296  -0.0023   0.0296   0.9993   0.0206   0.0017  -0.0207   0.9998

*******   STEP  14      *** NEFF=10 CALCULATION                
IPH=  0  FIJPH     1.1900   0.0000   0.0000   0.0000   1.1900   0.0000   0.0000   0.0000   0.7016
         EIGNVAL   1.1900   1.1900   0.7016
         EIGNVEC   1.0000   0.0000   0.0000   0.0000   1.0000   0.0000   0.0000   0.0000   1.0000
IPH=  1  FIJPH    -0.0040   0.0003  -1.0451   0.0186   1.0297  -0.0004   0.9293   0.0275   0.0035
         EIGNVAL   1.0347   1.0452   0.9242
         EIGNVEC   0.0456  -0.9985   0.0307   0.9757   0.0380  -0.2157   0.2142   0.0398   0.9760
IPH=  2  FIJPH     0.0120  -0.0056  -2.1597  -0.0618   2.3145   0.0040   0.1718  -0.0426  -0.0042
         EIGNVAL   2.1596   2.3160   0.1705
         EIGNVEC   0.9995  -0.0323  -0.0023   0.0323   0.9993   0.0205   0.0017  -0.0205   0.9998

*******   STEP  15      *** NEFF=10 CALCULATION                
IPH=  0  FIJPH     1.2048   0.0000   0.0000   0.0000   1.2048   0.0000   0.0000   0.0000   0.6840
         EIGNVAL   1.2048   1.2048   0.6840
         EIGNVEC   1.0000   0.0000   0.0000   0.0000   1.0000   0.0000   0.0000   0.0000   1.0000
