
 **** INPUT FILE VPSC.IN FOR THIS RUN ****
1                          number of elements (nelem)                           
2                          number of phases (nph)                               
0.825 0.175                   relative vol. fract. of phases (wph(i)) T1705     
*INFORMATION ABOUT PHASE #1                                                     
2   0   25                    grain shape contrl, fragmentn, crit aspect ratio  
1.0 1.0 1.0                 initial ellipsoid ratios (dummy if ishape=4)        
0.0 0.0 0.0                 init Eul ang ellips axes (dummy if ishape=3,4)      
* name and path of texture file (filetext)                                      
alphaTex.tex                                                                    
* name and path of single crystal file (filecrys)                               
IMSP6242_isotropic.SX                                                           
* name and path of grain shape file (dummy if ishape=0) (fileaxes)              
shape1.100                                                                      
*INFORMATION ABOUT PHASE #2                                                     
2    0    25                  grain shape contrl, fragmentn, crit aspect ratio  
1.0  1.0  1.0                 initial ellipsoid ratios (dummy if ishape=4)      
0.0  0.0  0.0                 init Eul ang ellips axes (dummy if ishape=3,4)    
* name and path of texture file (filetext)                                      
betaTEX.tex                                                                     
* name and path of single crystal file (filecrys)                               
IMSP6242b.SX                                                                    
* name and path of grain shape file (dummy if ishape=0) (fileaxes)              
shape1.100                                                                      
*PRECISION SETTINGS FOR CONVERGENCE PROCEDURES (default values)                 
0.001 0.001 0.001 0.001    errs,errd,errm,errso                                 
100 100 25               itmax:   max # of iter, external, internal and SO loops
0  2 10 2   irsvar & xrsini,xrsfin,xrstep (dummy if irsvar=0)                   
1              ibcinv (0: don't use <Bc>**-1, 1: use <Bc>**-1 in SC eq)         
*INPUT/OUTPUT SETTINGS FOR THE RUN (default is zero)                            
0              irecover:read grain states from POSTMORT.IN (1) or not (0)?      
0              isave:   write grain states in POSTMORT.OUT at step 'isave'?     
0              icubcomp:calculate fcc rolling components?                       
2              nwrite (frequency of texture downloads)                          
*MODELING CONDITIONS FOR THE RUN                                                
3              interaction (0:FC,1:affine,2:secant,3:neff=10,4:tangent,5:SO)    
1  1  1        iupdate: update orient, grain shape, hardening                   
0              nneigh (0 for no neighbors, 1 for pairs, etc.)                   
0              iflu (0: don't calc, 1: calc fluctuations)                       
*NUMBER OF PROCESSES (COMBINATION OF UNIFORM OR VARIABLE LOAD,PCYS,LANKFORD)    
3                                                                               
*IVGVAR AND PATH\NAME OF FILE OR STRESS SUBSPACE OR ANGULAR INCREMENT           
4		  ivgvar=4 runs a rigid rotation of the specimen                             
rotmatrix.txt                                                                   
0         ivgvar=0 will run a monotonic strain path                             
compres.3                                                                       
4		  ivgvar=4 runs a rigid rotation of the specimen                             
rotmatrixINV.txt                                                                

IPH=  0  FIJPH     1.0000   0.0000   0.0000   0.0000   1.0000   0.0000   0.0000   0.0000   1.0000
         EIGNVAL   1.0000   1.0000   1.0000
         EIGNVEC   1.0000  -0.0000   0.0000   0.0000  -0.0000   1.0000   0.0000  -1.0000   0.0000

 **** CRYSTAL DATA FILE ****
*Material: Ti-6242 alpha phase                                                  
HEXAGONAL                                crysym                                 
1.0  1.0  1.594     90.0  90.0  120.0    cdim(i),cang(i)                        
*Elastic stiffness of single crystal [MPa]                                      
  141.0e3    76.9e3    57.9e3     0.0     0.0     0.0                           
   76.9e3   141.0e3    57.9e3     0.0     0.0     0.0                           
   57.9e3    57.9e3   163.0e3     0.0     0.0     0.0                           
    0.0     0.0     0.0    48.7e3     0.0e3     0.0e3                           
    0.0     0.0     0.0     0.0e3    48.7e3     0.0e3                           
    0.0     0.0     0.0     0.0e3     0.0e3    32.05e3                          
*Thermal expansion coefficients of single crystal[K^(-1)]                       
  5.7e-6   5.7e-6  10.3e-6   0.0e0   0.0e0   0.0e0                              
SLIP AND TWINNING MODES                                                         
3                               nmodesx                                         
3                               nmodes                                          
1 2 3                           mode(i)                                         
PRISMATIC                                                                       
 1    3   1   0                       modex,nsmx,iopsysx,itwtypex               
 1  0 -1  0    -1  2 -1  0                                                      
 0 -1  1  0     2 -1 -1  0                                                      
 -1  1  0  0    -1 -1  2  0                                                     
BASAL                                                                           
  2    3   1   0                       modex,nsmx,iopsysx,itwtypex              
 0  0  0  1     2 -1 -1  0                                                      
 0  0  0  1    -1  2 -1  0                                                      
 0  0  0  1    -1 -1  2  0                                                      
 PYRAMIDAL<c+a>                                                                 
  3   12   1   0                    modex,nsmx,nrsx,isensex                     
   1  0 -1  1    2 -1 -1 -3                                                     
   1  0 -1  1    1  1 -2 -3                                                     
   0  1 -1  1    1  1 -2 -3                                                     
   0  1 -1  1   -1  2 -1 -3                                                     
  -1  1  0  1   -1  2 -1 -3                                                     
  -1  1  0  1   -2  1  1 -3                                                     
  -1  0  1  1   -2  1  1 -3                                                     
  -1  0  1  1   -1 -1  2 -3                                                     
   0 -1  1  1   -1 -1  2 -3                                                     
   0 -1  1  1    1 -2  1 -3                                                     
   1 -1  0  1   -1 -2  1 -3                                                     
   1 -1  0  1    2 -1 -1 -3                                                     
*CONSTITUTIVE LAW**********************                                         
0     IHARDLAW                                                                  
1     IRATESENS                                                                 
50    GRSZE (ONLY MATTERS IF HPFAC IS NONZERO)                                  
PRISMATIC SLIP*****************                                                 
5     NRSX                                                                      
174.2222             0             0             0             0   tau0,tau1,the
0.0   0.0   0.0        	       hlatx(1,im,iph),im=1,nmodes                      
BASAL SLIP *****************************                                        
5     NRSX                                                                      
610.2965             0             0             0             0   tau0,tau1,the
0.0   0.0   0.0            	       hlatx(1,im,iph),im=1,nmodes                  
PYRAMIDAL <C+A> SLIP                                                            
5     NRSX                                                                      
1133.6862              0              0              0              0   tau0,tau
0.0   0.0   0.0          	       hlatx(1,im,iph),im=1,nmodes                    
                                                                                
**** END OF CRYSTAL DATA FILE ****


  N & B FOR MODE  1 IN PHASE  1
     0.866     0.500     0.000       -0.500     0.866     0.000
     0.000    -1.000     0.000        1.000     0.000     0.000
    -0.866     0.500     0.000       -0.500    -0.866     0.000
  N & B FOR MODE  2 IN PHASE  1
     0.000     0.000     1.000        1.000     0.000     0.000
     0.000     0.000     1.000       -0.500     0.866     0.000
     0.000     0.000     1.000       -0.500    -0.866     0.000
  N & B FOR MODE  3 IN PHASE  1
     0.761     0.439     0.477        0.531     0.000    -0.847
     0.761     0.439     0.477        0.266     0.460    -0.847
     0.000     0.879     0.477        0.266     0.460    -0.847
     0.000     0.879     0.477       -0.266     0.460    -0.847
    -0.761     0.439     0.477       -0.266     0.460    -0.847
    -0.761     0.439     0.477       -0.531     0.000    -0.847
    -0.761    -0.439     0.477       -0.531     0.000    -0.847
    -0.761    -0.439     0.477       -0.266    -0.460    -0.847
     0.000    -0.879     0.477       -0.266    -0.460    -0.847
     0.000    -0.879     0.477        0.266    -0.460    -0.847
     0.761    -0.439     0.477       -0.091    -0.475    -0.875
     0.761    -0.439     0.477        0.531     0.000    -0.847

 **** CRYST TEXTURE (FIRST FEW LINES) ****
                                                                                
                                                                                
                                                                                
B    500                                                                        
135.00  90.00  325.00 0.002                                                     
135.00  90.00  325.00 0.002                                                     
135.00  90.00  325.00 0.002                                                     
135.00  90.00  325.00 0.002                                                     
135.00  90.00  325.00 0.002                                                     
135.00  90.00  325.00 0.002                                                     
    .........................
 **** END OF CRYST TEXTURE DATA FILE ****

IPH=  1  FIJPH     1.0000   0.0000   0.0000   0.0000   1.0000   0.0000   0.0000   0.0000   1.0000
         EIGNVAL   1.0000   1.0000   1.0000
         EIGNVEC   1.0000  -0.0000   0.0000   0.0000  -0.0000   1.0000   0.0000  -1.0000   0.0000

 **** CRYSTAL DATA FILE ****
*Material: Ti-6242 beta phase                                                   
CUBIC             crysym                                                        
   1.0   1.0   1.0    90.0   90.0   90.0  unit cell axes and angles             
Elastic stiffness for bcc ti at 300K [MPa] (from Rokhlin)                       
 135.0e3   113.0e3   113.0e3   0.0   0.0   0.0                                  
 113.0e3   113.0e3   113.0e3   0.0   0.0   0.0                                  
 113.0e3   135.0e3   135.0e3   0.0   0.0   0.0                                  
 0.0   0.0   0.0   54.9e3    000.0   0.0                                        
 0.0   0.0   0.0   0.0   54.9e3    0.0                                          
 0.0   0.0   0.0   0.0   0.0   54.9e3                                           
*Thermal expansion coefficients (single crystal in crystal axis):               
  0.0e-6   0.0e-6   0.0e-6   0.0e0   0.0e0   0.0e0                              
INFORMATION ABOUT SLIP AND TWIN SYSTEMS                                         
 3              nmodesx (total # of modes listed in the file)                   
 3              nmodes  (# of modes to be used in the calculation)              
 1   2   3      mode(i) (label of the modes to be used)                         
   {110}<111> SLIP                                                              
 1   12   1    0                    modex,nsmx,nrsx,isensex                     
    0    1    1     1    1   -1       slip (n-b)                                
    1    0    1     1    1   -1                                                 
    1   -1    0     1    1   -1                                                 
    0    1   -1     1   -1   -1                                                 
    1    0    1     1   -1   -1                                                 
    1    1    0     1   -1   -1                                                 
    0    1    1     1   -1    1                                                 
    1    0   -1     1   -1    1                                                 
    1    1    0     1   -1    1                                                 
    0    1   -1     1    1    1                                                 
    1    0   -1     1    1    1                                                 
    1   -1    0     1    1    1                                                 
   {112}<111> SLIP                                                              
 2   12   1    0                    modex,nsmx,nrsx,isensex                     
   -2    1   -1    -1   -1    1       slip (n-b)                                
    1   -2   -1    -1   -1    1                                                 
    1    1    2    -1   -1    1                                                 
   -2   -1   -1    -1    1    1                                                 
    1    2   -1    -1    1    1                                                 
    1   -1    2    -1    1    1                                                 
    2    1   -1     1   -1    1                                                 
   -1   -2   -1     1   -1    1                                                 
   -1    1    2     1   -1    1                                                 
    2   -1   -1     1    1    1                                                 
   -1    2   -1     1    1    1                                                 
   -1   -1    2     1    1    1                                                 
   {123}<111> SLIP                                                              
 3   24   1    0                    modex,nsmx,nrsx,isensex                     
   1    2    3     1    1   -1       slip (n-b)                                 
  -1    3    2     1    1   -1                                                  
   2    1    3     1    1   -1                                                  
  -2    3    1     1    1   -1                                                  
   3   -1    2     1    1   -1                                                  
   3   -2    1     1    1   -1                                                  
  -1    2   -3     1   -1   -1                                                  
   1    3   -2     1   -1   -1                                                  
   2   -1    3     1   -1   -1                                                  
   2    3   -1     1   -1   -1                                                  
   3    1    2     1   -1   -1                                                  
   3    2    1     1   -1   -1                                                  
   1   -2   -3     1   -1    1                                                  
   1    3    2     1   -1    1                                                  
   2   -1   -3     1   -1    1                                                  
   2    3    1     1   -1    1                                                  
   3    1   -2     1   -1    1                                                  
   3    2   -1     1   -1    1                                                  
   1    2   -3     1    1    1                                                  
   1   -3    2     1    1    1                                                  
   2    1   -3     1    1    1                                                  
   2   -3    1     1    1    1                                                  
  -3    1    2     1    1    1                                                  
  -3    2    1     1    1    1                                                  
*CONSTITUTIVE LAW**********************                                         
0     IHARDLAW                                                                  
1     IRATESENS                                                                 
50    GRSZE (ONLY MATTERS IF HPFAC IS NONZERO)                                  
{110}<111> SLIP*****************                                                
5     NRSX                                                                      
25            0            0            0            0   tau0,tau1,theta0,theta1
0.0   0.0   0.0        	       hlatx(1,im,iph),im=1,nmodes                      
{112}<111> SLIP*****************                                                
5    NRSX                                                                       
25            0            0            0            0   tau0,tau1,theta0,theta1
0.0   0.0   0.0        	       hlatx(1,im,iph),im=1,nmodes                      
{123}<111> SLIP*****************                                                
5    NRSX                                                                       
25            0            0            0            0   tau0,tau1,theta0,theta1
0.0   0.0   0.0        	       hlatx(1,im,iph),im=1,nmodes                      
**** END OF CRYSTAL DATA FILE ****


  N & B FOR MODE  1 IN PHASE  2
     0.000     0.707     0.707        0.577     0.577    -0.577
     0.707     0.000     0.707        0.577     0.577    -0.577
     0.707    -0.707     0.000        0.577     0.577    -0.577
     0.000     0.707    -0.707        0.577    -0.577    -0.577
     0.707     0.000     0.707        0.577    -0.577    -0.577
     0.707     0.707     0.000        0.577    -0.577    -0.577
     0.000     0.707     0.707        0.577    -0.577     0.577
     0.707     0.000    -0.707        0.577    -0.577     0.577
     0.707     0.707     0.000        0.577    -0.577     0.577
     0.000     0.707    -0.707        0.577     0.577     0.577
     0.707     0.000    -0.707        0.577     0.577     0.577
     0.707    -0.707     0.000        0.577     0.577     0.577
  N & B FOR MODE  2 IN PHASE  2
    -0.816     0.408    -0.408       -0.577    -0.577     0.577
     0.408    -0.816    -0.408       -0.577    -0.577     0.577
     0.408     0.408     0.816       -0.577    -0.577     0.577
    -0.816    -0.408    -0.408       -0.577     0.577     0.577
     0.408     0.816    -0.408       -0.577     0.577     0.577
     0.408    -0.408     0.816       -0.577     0.577     0.577
     0.816     0.408    -0.408        0.577    -0.577     0.577
    -0.408    -0.816    -0.408        0.577    -0.577     0.577
    -0.408     0.408     0.816        0.577    -0.577     0.577
     0.816    -0.408    -0.408        0.577     0.577     0.577
    -0.408     0.816    -0.408        0.577     0.577     0.577
    -0.408    -0.408     0.816        0.577     0.577     0.577
  N & B FOR MODE  3 IN PHASE  2
     0.267     0.535     0.802        0.577     0.577    -0.577
    -0.267     0.802     0.535        0.577     0.577    -0.577
     0.535     0.267     0.802        0.577     0.577    -0.577
    -0.535     0.802     0.267        0.577     0.577    -0.577
     0.802    -0.267     0.535        0.577     0.577    -0.577
     0.802    -0.535     0.267        0.577     0.577    -0.577
    -0.267     0.535    -0.802        0.577    -0.577    -0.577
     0.267     0.802    -0.535        0.577    -0.577    -0.577
     0.535    -0.267     0.802        0.577    -0.577    -0.577
     0.535     0.802    -0.267        0.577    -0.577    -0.577
     0.802     0.267     0.535        0.577    -0.577    -0.577
     0.802     0.535     0.267        0.577    -0.577    -0.577
     0.267    -0.535    -0.802        0.577    -0.577     0.577
     0.267     0.802     0.535        0.577    -0.577     0.577
     0.535    -0.267    -0.802        0.577    -0.577     0.577
     0.535     0.802     0.267        0.577    -0.577     0.577
     0.802     0.267    -0.535        0.577    -0.577     0.577
     0.802     0.535    -0.267        0.577    -0.577     0.577
     0.267     0.535    -0.802        0.577     0.577     0.577
     0.267    -0.802     0.535        0.577     0.577     0.577
     0.535     0.267    -0.802        0.577     0.577     0.577
     0.535    -0.802     0.267        0.577     0.577     0.577
    -0.802     0.267     0.535        0.577     0.577     0.577
    -0.802     0.535     0.267        0.577     0.577     0.577

 **** CRYST TEXTURE (FIRST FEW LINES) ****
                                                                                
                                                                                
                                                                                
B    500                                                                        
0.00 0.00 0.00 0.002                                                            
0.00 0.00 0.00 0.002                                                            
0.00 0.00 0.00 0.002                                                            
0.00 0.00 0.00 0.002                                                            
0.00 0.00 0.00 0.002                                                            
0.00 0.00 0.00 0.002                                                            
    .........................
 **** END OF CRYST TEXTURE DATA FILE ****

IPH=  2  FIJPH     1.0000   0.0000   0.0000   0.0000   1.0000   0.0000   0.0000   0.0000   1.0000
         EIGNVAL   1.0000   1.0000   1.0000
         EIGNVEC   1.0000  -0.0000   0.0000   0.0000  -0.0000   1.0000   0.0000  -1.0000   0.0000

 UB ELASTIC STIFFNESS (VOIGT NOTATION)
  0.1504E+06  0.6618E+05  0.7538E+05 -0.1920E-12  0.1512E-11  0.4538E+04
  0.6618E+05  0.1465E+06  0.7538E+05  0.1818E-11 -0.4980E-12  0.4538E+04
  0.7538E+05  0.7923E+05  0.1399E+06  0.4843E-12  0.6015E-12 -0.7838E+04
  0.2785E-11 -0.4447E-12  0.5668E-11  0.4292E+05  0.6868E+04 -0.3743E-13
 -0.6278E-11  0.3366E-11 -0.1721E-11  0.6868E+04  0.4292E+05  0.1463E-11
  0.4538E+04  0.4538E+04 -0.7838E+04  0.1188E-11  0.1633E-11  0.4842E+05


  ELASTIC ESHELBY TENSOR (VOIGT NOTATION)
     0.51072     0.04267     0.06736     0.00000    -0.00000     0.00569
     0.04808     0.49745     0.09696    -0.00000     0.00000     0.00646
     0.08390     0.10659     0.50032    -0.00000    -0.00000    -0.02818
    -0.00000    -0.00000    -0.00000     0.24303     0.02009     0.00000
    -0.00000    -0.00000    -0.00000     0.02015     0.24338    -0.00000
    -0.00415    -0.00345    -0.03849     0.00000    -0.00000     0.25935

SC ELASTIC STIFFNESS (VOIGT NOTATION)
  0.1456E+06  0.6905E+05  0.7520E+05  0.1951E-11 -0.2594E-11  0.4311E+04
  0.6905E+05  0.1365E+06  0.8044E+05  0.1262E-11  0.8789E-12  0.3925E+04
  0.7520E+05  0.8044E+05  0.1366E+06  0.3216E-11 -0.7289E-12 -0.7135E+04
  0.1951E-11  0.1262E-11  0.3216E-11  0.4249E+05  0.7238E+04  0.5433E-12
 -0.2594E-11  0.8789E-12 -0.7289E-12  0.7238E+04  0.4249E+05  0.1633E-11
  0.4311E+04  0.3925E+04 -0.7135E+04  0.5433E-12  0.1633E-11  0.4812E+05

SC ELASTIC COMPLIANCE (VOIGT NOTATION)
  0.1035E-04 -0.2756E-05 -0.4146E-05 -0.9103E-22  0.3498E-21 -0.6588E-06
 -0.2756E-05  0.1212E-04 -0.5705E-05  0.1524E-21 -0.2539E-21 -0.7939E-06
 -0.4146E-05 -0.5705E-05  0.1311E-04 -0.3423E-21  0.4977E-22  0.1390E-05
 -0.9103E-22  0.1524E-21 -0.3423E-21  0.6059E-05 -0.1032E-05 -0.6089E-22
  0.3498E-21 -0.2539E-21  0.4977E-22 -0.1032E-05  0.6060E-05 -0.1956E-21
 -0.6588E-06 -0.7939E-06  0.1390E-05 -0.6089E-22 -0.1956E-21  0.5360E-05
  EULER ANGLES OF PHASE before rotation   1
   180.000    90.000   180.000
  ELLIPSOID AXES OF PHASE before rotatn   1
     1.000     1.000     1.000
IPH=  1  FIJPH     1.0000   0.0000   0.0000   0.0000   1.0000   0.0000   0.0000   0.0000   1.0000
         EIGNVAL   1.0000   1.0000   1.0000
         EIGNVEC   1.0000  -0.0000   0.0000   0.0000  -0.0000   1.0000   0.0000  -1.0000   0.0000
  EULER ANGLES OF PHASE after rotation   1
   180.000    90.000   180.000
  ELLIPSOID AXES OF PHASE after rotatn   1
     1.000     1.000     1.000
  EULER ANGLES OF PHASE before rotation   2
   180.000    90.000   180.000
  ELLIPSOID AXES OF PHASE before rotatn   2
     1.000     1.000     1.000
IPH=  2  FIJPH     1.0000   0.0000   0.0000   0.0000   1.0000   0.0000   0.0000   0.0000   1.0000
         EIGNVAL   1.0000   1.0000   1.0000
         EIGNVEC   1.0000  -0.0000   0.0000   0.0000  -0.0000   1.0000   0.0000  -1.0000   0.0000
  EULER ANGLES OF PHASE after rotation   2
   180.000    90.000   180.000
  ELLIPSOID AXES OF PHASE after rotatn   2
     1.000     1.000     1.000

*** LOAD CONDITIONS FOR THIS RUN
40   3   0.025    982.0         nsteps  ictrl  eqincr  temp                     
* boundary conditions                                                           
    1       1       1           iudot    |    flag for vel.grad.                
    1       1       1                    |    (0:unknown-1:known)               
    1       1       1                    |                                      
                                         |                                      
   0.005    0.00     0.00        udot     |    vel.grad                         
   0.00    0.005     0.00                 |                                     
   0.00    0.00    -0.010                 |                                     
                                         |                                      
    0       0       0           iscau    |    flag for Cauchy                   
            0       0                    |                                      
                    0                    |                                      
                                         |                                      
    0.0     0.0     0.0         scauchy  |    Cauchy stress                     
            0.0     0.0                  |                                      
                    0.0                  @                                      

*******   STEP   1      *** NEFF=10 CALCULATION                

 xmctg after gr rate for grain  301
  0.3000E-05  0.1677E-06 -0.1166E-06  0.1739E-06  0.4952E-07
  0.1677E-06  0.7318E-04 -0.2462E-05  0.2213E-05  0.3513E-04
 -0.1166E-06 -0.2462E-05  0.1607E-04 -0.1219E-04 -0.1805E-05
  0.1739E-06  0.2213E-05 -0.1219E-04  0.1556E-04  0.1782E-05
  0.4952E-07  0.3513E-04 -0.1805E-05  0.1782E-05  0.2991E-04

 xmctg after gr rate for grain  302
  0.3000E-05  0.1677E-06 -0.1166E-06  0.1739E-06  0.4952E-07
  0.1677E-06  0.7318E-04 -0.2462E-05  0.2213E-05  0.3513E-04
 -0.1166E-06 -0.2462E-05  0.1607E-04 -0.1219E-04 -0.1805E-05
  0.1739E-06  0.2213E-05 -0.1219E-04  0.1556E-04  0.1782E-05
  0.4952E-07  0.3513E-04 -0.1805E-05  0.1782E-05  0.2991E-04

 xmctg after gr rate for grain  303
  0.3000E-05  0.1677E-06 -0.1166E-06  0.1739E-06  0.4952E-07
  0.1677E-06  0.7318E-04 -0.2462E-05  0.2213E-05  0.3513E-04
 -0.1166E-06 -0.2462E-05  0.1607E-04 -0.1219E-04 -0.1805E-05
  0.1739E-06  0.2213E-05 -0.1219E-04  0.1556E-04  0.1782E-05
  0.4952E-07  0.3513E-04 -0.1805E-05  0.1782E-05  0.2991E-04

 xmctg after gr rate for grain  304
  0.3000E-05  0.1677E-06 -0.1166E-06  0.1739E-06  0.4952E-07
  0.1677E-06  0.7318E-04 -0.2462E-05  0.2213E-05  0.3513E-04
 -0.1166E-06 -0.2462E-05  0.1607E-04 -0.1219E-04 -0.1805E-05
  0.1739E-06  0.2213E-05 -0.1219E-04  0.1556E-04  0.1782E-05
  0.4952E-07  0.3513E-04 -0.1805E-05  0.1782E-05  0.2991E-04

 xmctg after gr rate for grain  305
  0.3000E-05  0.1677E-06 -0.1166E-06  0.1739E-06  0.4952E-07
  0.1677E-06  0.7318E-04 -0.2462E-05  0.2213E-05  0.3513E-04
 -0.1166E-06 -0.2462E-05  0.1607E-04 -0.1219E-04 -0.1805E-05
  0.1739E-06  0.2213E-05 -0.1219E-04  0.1556E-04  0.1782E-05
  0.4952E-07  0.3513E-04 -0.1805E-05  0.1782E-05  0.2991E-04
IPH=  0  FIJPH     1.0125   0.0000   0.0000   0.0000   1.0125   0.0000   0.0000   0.0000   0.9750
         EIGNVAL   1.0125   1.0125   0.9750
         EIGNVEC   1.0000   0.0000   0.0000   0.0000   1.0000   0.0000   0.0000   0.0000   1.0000
IPH=  1  FIJPH     1.0042  -0.0042  -0.0003  -0.0042   1.0042   0.0003  -0.0002   0.0002   0.9916
         EIGNVAL   1.0000   1.0084   0.9916
         EIGNVEC   0.7071  -0.7070   0.0144   0.7071   0.7069  -0.0144   0.0001   0.0203   0.9998
IPH=  2  FIJPH     1.0517   0.0198   0.0013   0.0198   1.0517  -0.0013   0.0010  -0.0010   0.8967
         EIGNVAL   1.0319   1.0715   0.8967
         EIGNVEC   0.7072   0.7069  -0.0083  -0.7069   0.7073   0.0084   0.0118  -0.0001   0.9999

*******   STEP   2      *** NEFF=10 CALCULATION                
IPH=  0  FIJPH     1.0252   0.0000   0.0000   0.0000   1.0252   0.0000   0.0000   0.0000   0.9506
         EIGNVAL   1.0252   1.0252   0.9506
         EIGNVEC   1.0000   0.0000   0.0000   0.0000   1.0000   0.0000   0.0000   0.0000   1.0000
IPH=  1  FIJPH     1.0081  -0.0081  -0.0005  -0.0081   1.0081   0.0005  -0.0004   0.0004   0.9839
         EIGNVAL   1.0000   1.0163   0.9839
         EIGNVEC   0.7071  -0.7070   0.0146   0.7071   0.7069  -0.0147   0.0001   0.0207   0.9998
IPH=  2  FIJPH     1.1078   0.0401   0.0024   0.0401   1.1078  -0.0024   0.0019  -0.0019   0.8016
         EIGNVAL   1.0677   1.1479   0.8016
         EIGNVEC   0.7072   0.7070  -0.0080  -0.7070   0.7072   0.0080   0.0113  -0.0000   0.9999

*******   STEP   3      *** NEFF=10 CALCULATION                
IPH=  0  FIJPH     1.0380   0.0000   0.0000   0.0000   1.0380   0.0000   0.0000   0.0000   0.9269
         EIGNVAL   1.0380   1.0380   0.9269
         EIGNVEC   1.0000   0.0000   0.0000   0.0000   1.0000   0.0000   0.0000   0.0000   1.0000
IPH=  1  FIJPH     1.0119  -0.0119  -0.0008  -0.0119   1.0119   0.0008  -0.0006   0.0006   0.9766
         EIGNVAL   1.0000   1.0238   0.9765
         EIGNVEC   0.7071  -0.7070   0.0147   0.7071   0.7069  -0.0148   0.0001   0.0209   0.9998
IPH=  2  FIJPH     1.1682   0.0616   0.0034   0.0616   1.1682  -0.0034   0.0027  -0.0027   0.7152
         EIGNVAL   1.1066   1.2298   0.7152
         EIGNVEC   0.7071   0.7070  -0.0077  -0.7070   0.7072   0.0077   0.0109  -0.0000   0.9999

*******   STEP   4      *** NEFF=10 CALCULATION                
IPH=  0  FIJPH     1.0509   0.0000   0.0000   0.0000   1.0509   0.0000   0.0000   0.0000   0.9037
         EIGNVAL   1.0509   1.0509   0.9037
         EIGNVEC   1.0000   0.0000   0.0000   0.0000   1.0000   0.0000   0.0000   0.0000   1.0000
IPH=  1  FIJPH     1.0157  -0.0156  -0.0011  -0.0156   1.0157   0.0011  -0.0008   0.0008   0.9694
         EIGNVAL   1.0000   1.0313   0.9694
         EIGNVEC   0.7071  -0.7070   0.0147   0.7071   0.7069  -0.0148   0.0001   0.0209   0.9998
IPH=  2  FIJPH     1.2325   0.0849   0.0044   0.0849   1.2326  -0.0044   0.0034  -0.0035   0.6377
         EIGNVAL   1.1477   1.3175   0.6376
         EIGNVEC   0.7071   0.7070  -0.0074  -0.7070   0.7072   0.0075   0.0105  -0.0000   0.9999

*******   STEP   5      *** NEFF=10 CALCULATION                
IPH=  0  FIJPH     1.0641   0.0000   0.0000   0.0000   1.0641   0.0000   0.0000   0.0000   0.8811
         EIGNVAL   1.0641   1.0641   0.8811
         EIGNVEC   1.0000   0.0000   0.0000   0.0000   1.0000   0.0000   0.0000   0.0000   1.0000
IPH=  1  FIJPH     1.0195  -0.0194  -0.0013  -0.0194   1.0195   0.0013  -0.0009   0.0009   0.9622
         EIGNVAL   1.0001   1.0389   0.9622
         EIGNVEC   0.7071  -0.7070   0.0146   0.7071   0.7069  -0.0148   0.0001   0.0208   0.9998
IPH=  2  FIJPH     1.3005   0.1108   0.0053   0.1108   1.3006  -0.0053   0.0041  -0.0041   0.5689
         EIGNVAL   1.1898   1.4114   0.5688
